400
0.005
0.0
0.1
0.2
0.30000000000000004
0.4
0.5
0.6000000000000001
0.7000000000000001
0.8
0.9
1.0
0.9
0.8
0.7000000000000001
0.6000000000000001
0.5000000000000001
0.40000000000000013
0.30000000000000016
0.20000000000000018
0.1000000000000002
0.0
-0.1
-0.2
-0.30000000000000004
-0.4
-0.5
-0.6000000000000001
-0.7000000000000001
-0.8
-0.9
-1.0
-0.9
-0.8
-0.7000000000000001
-0.6000000000000001
-0.5000000000000001
-0.40000000000000013
-0.30000000000000016
-0.20000000000000018
-0.1000000000000002
0.0
0.1
0.2
0.30000000000000004
0.4
0.5
0.6000000000000001
0.7000000000000001
0.8
0.9
1.0
0.9
0.8
0.7000000000000001
0.6000000000000001
0.5000000000000001
0.40000000000000013
0.30000000000000016
0.20000000000000018
0.1000000000000002
0.0
-0.1
-0.2
-0.30000000000000004
-0.4
-0.5
-0.6000000000000001
-0.7000000000000001
-0.8
-0.9
-1.0
-0.9
-0.8
-0.7000000000000001
-0.6000000000000001
-0.5000000000000001
-0.40000000000000013
-0.30000000000000016
-0.20000000000000018
-0.1000000000000002
0.0
0.1
0.2
0.30000000000000004
0.4
0.5
0.6000000000000001
0.7000000000000001
0.8
0.9
1.0
0.9
0.8
0.7000000000000001
0.6000000000000001
0.5000000000000001
0.40000000000000013
0.30000000000000016
0.20000000000000018
0.1000000000000002
0.0
-0.1
-0.2
-0.30000000000000004
-0.4
-0.5
-0.6000000000000001
-0.7000000000000001
-0.8
-0.9
-1.0
-0.9
-0.8
-0.7000000000000001
-0.6000000000000001
-0.5000000000000001
-0.40000000000000013
-0.30000000000000016
-0.20000000000000018
-0.1000000000000002
0.0
0.1
0.2
0.30000000000000004
0.4
0.5
0.6000000000000001
0.7000000000000001
0.8
0.9
1.0
0.9
0.8
0.7000000000000001
0.6000000000000001
0.5000000000000001
0.40000000000000013
0.30000000000000016
0.20000000000000018
0.1000000000000002
0.0
-0.1
-0.2
-0.30000000000000004
-0.4
-0.5
-0.6000000000000001
-0.7000000000000001
-0.8
-0.9
-1.0
-0.9
-0.8
-0.7000000000000001
-0.6000000000000001
-0.5000000000000001
-0.40000000000000013
-0.30000000000000016
-0.20000000000000018
-0.1000000000000002
0.0
0.1
0.2
0.30000000000000004
0.4
0.5
0.6000000000000001
0.7000000000000001
0.8
0.9
1.0
0.9
0.8
0.7000000000000001
0.6000000000000001
0.5000000000000001
0.40000000000000013
0.30000000000000016
0.20000000000000018
0.1000000000000002
0.0
-0.1
-0.2
-0.30000000000000004
-0.4
-0.5
-0.6000000000000001
-0.7000000000000001
-0.8
-0.9
-1.0
-0.9
-0.8
-0.7000000000000001
-0.6000000000000001
-0.5000000000000001
-0.40000000000000013
-0.30000000000000016
-0.20000000000000018
-0.1000000000000002
0.0
0.1
0.2
0.30000000000000004
0.4
0.5
0.6000000000000001
0.7000000000000001
0.8
0.9
1.0
0.9
0.8
0.7000000000000001
0.6000000000000001
0.5000000000000001
0.40000000000000013
0.30000000000000016
0.20000000000000018
0.1000000000000002
0.0
-0.1
-0.2
-0.30000000000000004
-0.4
-0.5
-0.6000000000000001
-0.7000000000000001
-0.8
-0.9
-1.0
-0.9
-0.8
-0.7000000000000001
-0.6000000000000001
-0.5000000000000001
-0.40000000000000013
-0.30000000000000016
-0.20000000000000018
-0.1000000000000002
0.0
0.1
0.2
0.30000000000000004
0.4
0.5
0.6000000000000001
0.7000000000000001
0.8
0.9
1.0
0.9
0.8
0.7000000000000001
0.6000000000000001
0.5000000000000001
0.40000000000000013
0.30000000000000016
0.20000000000000018
0.1000000000000002
0.0
-0.1
-0.2
-0.30000000000000004
-0.4
-0.5
-0.6000000000000001
-0.7000000000000001
-0.8
-0.9
-1.0
-0.9
-0.8
-0.7000000000000001
-0.6000000000000001
-0.5000000000000001
-0.40000000000000013
-0.30000000000000016
-0.20000000000000018
-0.1000000000000002
0.0
0.1
0.2
0.30000000000000004
0.4
0.5
0.6000000000000001
0.7000000000000001
0.8
0.9
1.0
0.9
0.8
0.7000000000000001
0.6000000000000001
0.5000000000000001
0.40000000000000013
0.30000000000000016
0.20000000000000018
0.1000000000000002
0.0
-0.1
-0.2
-0.30000000000000004
-0.4
-0.5
-0.6000000000000001
-0.7000000000000001
-0.8
-0.9
-1.0
-0.9
-0.8
-0.7000000000000001
-0.6000000000000001
-0.5000000000000001
-0.40000000000000013
-0.30000000000000016
-0.20000000000000018
-0.1000000000000002
0.0
0.1
0.2
0.30000000000000004
0.4
0.5
0.6000000000000001
0.7000000000000001
0.8
0.9
1.0
0.9
0.8
0.7000000000000001
0.6000000000000001
0.5000000000000001
0.40000000000000013
0.30000000000000016
0.20000000000000018
0.1000000000000002
0.0
-0.1
-0.2
-0.30000000000000004
-0.4
-0.5
-0.6000000000000001
-0.7000000000000001
-0.8
-0.9
-1.0
-0.9
-0.8
-0.7000000000000001
-0.6000000000000001
-0.5000000000000001
-0.40000000000000013
-0.30000000000000016
-0.20000000000000018
-0.1000000000000002
0.0
0.1
0.2
0.30000000000000004
0.4
0.5
0.6000000000000001
0.7000000000000001
0.8
0.9
1.0
0.9
0.8
0.7000000000000001
0.6000000000000001
0.5000000000000001
0.40000000000000013
0.30000000000000016
0.20000000000000018
0.1000000000000002
0.0
-0.1
-0.2
-0.30000000000000004
-0.4
-0.5
-0.6000000000000001
-0.7000000000000001
-0.8
-0.9
-1.0
-0.9
-0.8
-0.7000000000000001
-0.6000000000000001
-0.5000000000000001
-0.40000000000000013
-0.30000000000000016
-0.20000000000000018
-0.1000000000000002
